102
103
104
105
106
107
108
109
110
201
202
203
204
205
206
207
208
209
210
211
212
213
214
301
302
303
305
306
307
308
313
314
315
401
402
403
404
405
406
407
408
501
502
503
504
505
506
507
508
601
602
603
604
605
606
607
608
701
702
703
704
705
706
707
708
801
802
803
804
805
806
807
808
809
810
811
901
902
903
904
905
906
907
1001
1002
1003
1004
1005
1006
1101
1102
1103
1104
1105
1201
1202
1203
1204
1205
1206
1207
1208
1209
1210
1211
1212
1301
1302
1303
1304
1305
1306
1307
1308
1401
1402
1403
1404
1405
1406
1407
1408
1409
1410
1411
1412
1413
1501
1502
1503
1504
1505
1506
1601
1602
1603
1604
1605
1606
1607
1608
1609
1701
1702
1703
1704
1706
1707
1709
1710
1711
1712
1713
1714
1801
1802
1803
1804
1901
1902
1903
1904
1905
2001
2002
2003
2004
2005
2006
2007
2008
2101
2102
2103
2104
2105
2106
2107
2108
2109
2110
2201
2202
2203
2204
2205
2301
2302
2401
2402
2501
2502
2503
2504
2505
2506
2507